54,1
54,17
54,3
52,13
52,12
52,11
52,10
52,9
52,8
52,7
52,6
52,5
46,1
46,3
42,6
42,3
49,1
49,3
3,2
3,1
3,3
10,131
10,109
10,107
10,81
10,23
10,177
10,279
10,29
10,2
10,3
11,5
11,27
11,24
11,20
11,10
11,6
11,7
11,2
11,3
9,5
9,7
9,2
9,3
8,7
8,13
8,17
8,2
8,3
0,386
12,2
12,1
12,3
97,1
97,0
96,553
96,552
96,551
96,550
96,549
96,548
96,547
96,546
96,545
96,544
96,543
96,542
96,541
96,540
96,539
96,538
96,537
96,536
96,535
96,534
96,533
96,532
96,531
96,530
96,529
96,528
96,527
96,526
96,525
96,524
96,523
96,522
96,521
96,520
96,519
96,518
96,517
96,516
96,515
96,514
96,513
96,512
96,511
96,510
96,509
96,508
96,507
96,506
96,505
96,504
96,503
96,502
96,501
96,500
96,499
96,498
96,497
96,496
96,495
96,494
96,493
